<?xml version="1.0" encoding="UTF-8"?>
<svg width="174px" height="24px" viewBox="0 0 174 24" version="1.1" xmlns="http://www.w3.org/2000/svg" xmlns:xlink="http://www.w3.org/1999/xlink">
    <!-- Generator: Sketch 50.2 (55047) - http://www.bohemiancoding.com/sketch -->
    <title>Accept</title>
    <desc>Created with Sketch.</desc>
    <defs></defs>
    <g id="Page-1" stroke="none" stroke-width="1" fill="none" fill-rule="evenodd">
        <g id="Desktop-HD" transform="translate(-604.000000, -502.000000)">
            <g id="Accept" transform="translate(604.000000, 502.000000)">
                <g id="login_btn" fill="#EF5568">
                    <rect id="Rectangle-2" x="0" y="0" width="174" height="24" rx="2"></rect>
                </g>
                <!-- <text font-family="HelveticaNeue-Medium, Helvetica Neue" font-size="12" font-weight="400" fill="#FFFFFF">
                    <tspan x="67" y="17">Accept</tspan>
                </text> -->
                <path d="M70.204,8.432 L71.8,8.432 L75.1,17 L73.492,17 L72.688,14.732 L69.268,14.732 L68.464,17 L66.916,17 L70.204,8.432 Z M69.676,13.592 L72.292,13.592 L71.008,9.908 L70.972,9.908 L69.676,13.592 Z M79.912,12.872 C79.8559997,12.4879981 79.7020013,12.198001 79.45,12.002 C79.1979987,11.805999 78.8800019,11.708 78.496,11.708 C78.3199991,11.708 78.132001,11.7379997 77.932,11.798 C77.731999,11.8580003 77.5480008,11.9699992 77.38,12.134 C77.2119992,12.2980008 77.0720006,12.5259985 76.96,12.818 C76.8479994,13.1100015 76.792,13.4919976 76.792,13.964 C76.792,14.2200013 76.8219997,14.4759987 76.882,14.732 C76.9420003,14.9880013 77.0379993,15.215999 77.17,15.416 C77.3020007,15.616001 77.471999,15.7779994 77.68,15.902 C77.888001,16.0260006 78.1399985,16.088 78.436,16.088 C78.836002,16.088 79.1659987,15.9640012 79.426,15.716 C79.6860013,15.4679988 79.8479997,15.1200022 79.912,14.672 L81.28,14.672 C81.1519994,15.480004 80.8460024,16.0979979 80.362,16.526 C79.8779976,16.9540021 79.236004,17.168 78.436,17.168 C77.9479976,17.168 77.5180019,17.0860008 77.146,16.922 C76.7739981,16.7579992 76.4600013,16.5340014 76.204,16.25 C75.9479987,15.9659986 75.7540007,15.628002 75.622,15.236 C75.4899993,14.843998 75.424,14.4200023 75.424,13.964 C75.424,13.4999977 75.4879994,13.064002 75.616,12.656 C75.7440006,12.247998 75.9359987,11.8940015 76.192,11.594 C76.4480013,11.2939985 76.7659981,11.0580009 77.146,10.886 C77.5260019,10.7139991 77.9719974,10.628 78.484,10.628 C78.8440018,10.628 79.1859984,10.6739995 79.51,10.766 C79.8340016,10.8580005 80.1219987,10.9959991 80.374,11.18 C80.6260013,11.3640009 80.8319992,11.5959986 80.992,11.876 C81.1520008,12.1560014 81.2479998,12.4879981 81.28,12.872 L79.912,12.872 Z M86.584,12.872 C86.5279997,12.4879981 86.3740013,12.198001 86.122,12.002 C85.8699987,11.805999 85.5520019,11.708 85.168,11.708 C84.9919991,11.708 84.804001,11.7379997 84.604,11.798 C84.403999,11.8580003 84.2200008,11.9699992 84.052,12.134 C83.8839992,12.2980008 83.7440006,12.5259985 83.632,12.818 C83.5199994,13.1100015 83.464,13.4919976 83.464,13.964 C83.464,14.2200013 83.4939997,14.4759987 83.554,14.732 C83.6140003,14.9880013 83.7099993,15.215999 83.842,15.416 C83.9740007,15.616001 84.143999,15.7779994 84.352,15.902 C84.560001,16.0260006 84.8119985,16.088 85.108,16.088 C85.508002,16.088 85.8379987,15.9640012 86.098,15.716 C86.3580013,15.4679988 86.5199997,15.1200022 86.584,14.672 L87.952,14.672 C87.8239994,15.480004 87.5180024,16.0979979 87.034,16.526 C86.5499976,16.9540021 85.908004,17.168 85.108,17.168 C84.6199976,17.168 84.1900019,17.0860008 83.818,16.922 C83.4459981,16.7579992 83.1320013,16.5340014 82.876,16.25 C82.6199987,15.9659986 82.4260007,15.628002 82.294,15.236 C82.1619993,14.843998 82.096,14.4200023 82.096,13.964 C82.096,13.4999977 82.1599994,13.064002 82.288,12.656 C82.4160006,12.247998 82.6079987,11.8940015 82.864,11.594 C83.1200013,11.2939985 83.4379981,11.0580009 83.818,10.886 C84.1980019,10.7139991 84.6439974,10.628 85.156,10.628 C85.5160018,10.628 85.8579984,10.6739995 86.182,10.766 C86.5060016,10.8580005 86.7939987,10.9959991 87.046,11.18 C87.2980013,11.3640009 87.5039992,11.5959986 87.664,11.876 C87.8240008,12.1560014 87.9199998,12.4879981 87.952,12.872 L86.584,12.872 Z M93.328,13.352 C93.3119999,13.1359989 93.2660004,12.928001 93.19,12.728 C93.1139996,12.527999 93.0100007,12.3540007 92.878,12.206 C92.7459993,12.0579993 92.5860009,11.9380005 92.398,11.846 C92.2099991,11.7539995 92.0000012,11.708 91.768,11.708 C91.5279988,11.708 91.310001,11.7499996 91.114,11.834 C90.917999,11.9180004 90.7500007,12.0339993 90.61,12.182 C90.4699993,12.3300007 90.3580004,12.503999 90.274,12.704 C90.1899996,12.904001 90.144,13.1199988 90.136,13.352 L93.328,13.352 Z M90.136,14.252 C90.136,14.4920012 90.1699997,14.7239989 90.238,14.948 C90.3060003,15.1720011 90.4079993,15.3679992 90.544,15.536 C90.6800007,15.7040008 90.851999,15.8379995 91.06,15.938 C91.268001,16.0380005 91.5159986,16.088 91.804,16.088 C92.204002,16.088 92.5259988,16.0020009 92.77,15.83 C93.0140012,15.6579991 93.1959994,15.4000017 93.316,15.056 L94.612,15.056 C94.5399996,15.3920017 94.4160009,15.6919987 94.24,15.956 C94.0639991,16.2200013 93.8520012,16.4419991 93.604,16.622 C93.3559988,16.8020009 93.0780015,16.9379995 92.77,17.03 C92.4619985,17.1220005 92.1400017,17.168 91.804,17.168 C91.3159976,17.168 90.8840019,17.0880008 90.508,16.928 C90.1319981,16.7679992 89.8140013,16.5440014 89.554,16.256 C89.2939987,15.9679986 89.0980007,15.624002 88.966,15.224 C88.8339993,14.823998 88.768,14.3840024 88.768,13.904 C88.768,13.4639978 88.8379993,13.046002 88.978,12.65 C89.1180007,12.253998 89.3179987,11.9060015 89.578,11.606 C89.8380013,11.3059985 90.1519982,11.0680009 90.52,10.892 C90.8880018,10.7159991 91.3039977,10.628 91.768,10.628 C92.2560024,10.628 92.6939981,10.729999 93.082,10.934 C93.4700019,11.138001 93.7919987,11.4079983 94.048,11.744 C94.3040013,12.0800017 94.4899994,12.4659978 94.606,12.902 C94.7220006,13.3380022 94.7520003,13.7879977 94.696,14.252 L90.136,14.252 Z M95.776,10.796 L97.072,10.796 L97.072,11.636 L97.096,11.636 C97.288001,11.2759982 97.5559983,11.0180008 97.9,10.862 C98.2440017,10.7059992 98.615998,10.628 99.016,10.628 C99.5040024,10.628 99.9299982,10.7139991 100.294,10.886 C100.658002,11.0580009 100.959999,11.2939985 101.2,11.594 C101.440001,11.8940015 101.619999,12.243998 101.74,12.644 C101.860001,13.044002 101.92,13.4719977 101.92,13.928 C101.92,14.3440021 101.866001,14.747998 101.758,15.14 C101.649999,15.532002 101.486001,15.8779985 101.266,16.178 C101.045999,16.4780015 100.768002,16.7179991 100.432,16.898 C100.095998,17.0780009 99.7000023,17.168 99.244,17.168 C99.043999,17.168 98.844001,17.1500002 98.644,17.114 C98.443999,17.0779998 98.2520009,17.0200004 98.068,16.94 C97.8839991,16.8599996 97.7140008,16.7580006 97.558,16.634 C97.4019992,16.5099994 97.2720005,16.3640008 97.168,16.196 L97.144,16.196 L97.144,19.292 L95.776,19.292 L95.776,10.796 Z M100.552,13.904 C100.552,13.6239986 100.516,13.3520013 100.444,13.088 C100.372,12.8239987 100.264001,12.590001 100.12,12.386 C99.9759993,12.181999 99.7960011,12.0180006 99.58,11.894 C99.3639989,11.7699994 99.1160014,11.708 98.836,11.708 C98.2599971,11.708 97.8260015,11.907998 97.534,12.308 C97.2419985,12.708002 97.096,13.2399967 97.096,13.904 C97.096,14.2160016 97.1339996,14.5059987 97.21,14.774 C97.2860004,15.0420013 97.3999992,15.271999 97.552,15.464 C97.7040008,15.656001 97.8859989,15.8079994 98.098,15.92 C98.3100011,16.0320006 98.5559986,16.088 98.836,16.088 C99.1480016,16.088 99.4119989,16.0240006 99.628,15.896 C99.8440011,15.7679994 100.021999,15.602001 100.162,15.398 C100.302001,15.193999 100.402,14.9620013 100.462,14.702 C100.522,14.4419987 100.552,14.1760014 100.552,13.904 Z M102.448,10.796 L103.48,10.796 L103.48,8.936 L104.848,8.936 L104.848,10.796 L106.084,10.796 L106.084,11.816 L104.848,11.816 L104.848,15.128 C104.848,15.2720007 104.854,15.3959995 104.866,15.5 C104.878,15.6040005 104.906,15.6919996 104.95,15.764 C104.994,15.8360004 105.06,15.8899998 105.148,15.926 C105.236,15.9620002 105.355999,15.98 105.508,15.98 C105.604,15.98 105.7,15.978 105.796,15.974 C105.892,15.97 105.988,15.9560001 106.084,15.932 L106.084,16.988 C105.931999,17.0040001 105.784001,17.0199999 105.64,17.036 C105.495999,17.0520001 105.348001,17.06 105.196,17.06 C104.835998,17.06 104.546001,17.0260003 104.326,16.958 C104.105999,16.8899997 103.934001,16.7900007 103.81,16.658 C103.685999,16.5259993 103.602,16.360001 103.558,16.16 C103.514,15.959999 103.488,15.7320013 103.48,15.476 L103.48,11.816 L102.448,11.816 L102.448,10.796 Z" fill="#FFFFFF"></path>
            </g>
        </g>
    </g>
</svg>